%YAML:1.0

#--------------------------------------------------------------------------------------------
# Camera Parameters. Adjust them!
#--------------------------------------------------------------------------------------------

# Camera calibration and distortion parameters (OpenCV) 
Camera.fx: 7.1893919219498139e+02
Camera.fy: 7.1893919219498139e+02
Camera.cx: 5.4651383972167969e+02
Camera.cy: 3.7994656562805176e+02

Camera.k1: 0.0
Camera.k2: 0.0
Camera.p1: 0.0
Camera.p2: 0.0

Camera.width: 1024
Camera.height: 720

# Camera frames per second 
Camera.fps: 30.0

# stereo baseline times fx
Camera.bf: 42.9297353

# Color order of the images (0: BGR, 1: RGB. It is ignored if images are grayscale)
Camera.RGB: 1

# Close/Far threshold. Baseline times.
# ThDepth: 35
ThDepth: 0.17

#--------------------------------------------------------------------------------------------
# Stereo Rectification. Only if you need to pre-rectify the images.
# Camera.fx, .fy, etc must be the same as in LEFT.P
#--------------------------------------------------------------------------------------------
LEFT.height: 720
LEFT.width: 1024
LEFT.D: !!opencv-matrix
   rows: 1
   cols: 5
   dt: d
   data: [ 1.5289705134815618e-01, -5.7880685353294481e-01,
       4.4785213371174859e-03, 1.0682687805417959e-02,
       1.0483960814958979e+00 ]
LEFT.K: !!opencv-matrix
   rows: 3
   cols: 3
   dt: d
   data: [ 7.2889099606718275e+02, 0., 6.5303983077598036e+02, 0.,
       7.1661182554616425e+02, 3.3000732165554035e+02, 0., 0., 1. ]
LEFT.R:  !!opencv-matrix
   rows: 3
   cols: 3
   dt: d
   data: [ 9.9893094731514775e-01, 7.0460949722543640e-03,
       4.5687143067864568e-02, -6.9472966433396901e-03,
       9.9997317383336293e-01, -2.3209228725102988e-03,
       -4.5702270899934457e-02, 2.0010395480029568e-03,
       9.9895310113904556e-01 ]
LEFT.P:  !!opencv-matrix
   rows: 3
   cols: 4
   dt: d
   data: [ 7.1893919219498139e+02, 0., 5.4651383972167969e+02, 0., 0.,
       7.1893919219498139e+02, 3.7994656562805176e+02, 0., 0., 0., 1.,
       0. ]

RIGHT.height: 720
RIGHT.width: 1024
RIGHT.D: !!opencv-matrix
   rows: 1
   cols: 5
   dt: d
   data: [ 6.5202514721008728e-02, -4.2195921852819826e-02,
       4.3919845019223733e-03, 7.6641228166270366e-03,
       -5.3174140535266319e-02 ]
RIGHT.K: !!opencv-matrix
   rows: 3
   cols: 3
   dt: d
   data: [ 7.3403473365968000e+02, 0., 5.9543636860767640e+02, 0.,
       7.2126655884379841e+02, 3.7825207502649965e+02, 0., 0., 1. ]
RIGHT.R:  !!opencv-matrix
   rows: 3
   cols: 3
   dt: d
   data: [ 9.9876146310962566e-01, 5.9679108148957315e-03,
       4.9395585305017808e-02, -6.0747014112634053e-03,
       9.9997952451068128e-01, 2.0121039127729925e-03,
       -4.9382565849536778e-02, -2.3096752796123244e-03,
       9.9877726625620533e-01 ]
RIGHT.P:  !!opencv-matrix
   rows: 3
   cols: 4
   dt: d
   data: [ 7.1893919219498139e+02, 0., 5.4651383972167969e+02,
       -4.2929735329008618e+01, 0., 7.1893919219498139e+02,
       3.7994656562805176e+02, 0., 0., 0., 1., 0. ]

#--------------------------------------------------------------------------------------------
# ORB Parameters
#--------------------------------------------------------------------------------------------

# ORB Extractor: Number of features per image
ORBextractor.nFeatures: 1200

# ORB Extractor: Scale factor between levels in the scale pyramid 	
ORBextractor.scaleFactor: 1.2

# ORB Extractor: Number of levels in the scale pyramid	
ORBextractor.nLevels: 8

# ORB Extractor: Fast threshold
# Image is divided in a grid. At each cell FAST are extracted imposing a minimum response.
# Firstly we impose iniThFAST. If no corners are detected we impose a lower value minThFAST
# You can lower these values if your images have low contrast			
ORBextractor.iniThFAST: 20
ORBextractor.minThFAST: 7

#--------------------------------------------------------------------------------------------
# Viewer Parameters
#--------------------------------------------------------------------------------------------
Viewer.KeyFrameSize: 0.05
Viewer.KeyFrameLineWidth: 1
Viewer.GraphLineWidth: 0.9
Viewer.PointSize:2
Viewer.CameraSize: 0.08
Viewer.CameraLineWidth: 3
Viewer.ViewpointX: 0
Viewer.ViewpointY: -0.7
Viewer.ViewpointZ: -1.8
Viewer.ViewpointF: 500

